1952 0.0162 0.01715 0.01789 0.01884 0.02141 0.02492
1952.08333333333 0.01648 0.01754 0.01848 0.01973 0.02276 0.02637
1952.16666666667 0.0159 0.01678 0.0177 0.01902 0.02184 0.0252
1952.25 0.01723 0.01772 0.01812 0.01873 0.02096 0.02435
1952.33333333333 0.01792 0.01843 0.01886 0.01946 0.02124 0.02394
1952.41666666667 0.01833 0.01882 0.01949 0.02053 0.02237 0.02424
1952.5 0.01887 0.01939 0.02013 0.02128 0.02323 0.02474
1952.58333333333 0.01912 0.01996 0.02086 0.0221 0.02411 0.02561
1952.66666666667 0.01808 0.01937 0.02042 0.02168 0.02427 0.02703
1952.75 0.01822 0.01916 0.02006 0.02126 0.02339 0.02542
1952.83333333333 0.01989 0.02068 0.02134 0.02213 0.02351 0.02522
1952.91666666667 0.02055 0.02107 0.02163 0.02242 0.02379 0.02559
1953 0.01971 0.02031 0.02093 0.02183 0.02398 0.02657
1953.08333333333 0.02145 0.02185 0.02215 0.02259 0.0244 0.0273
1953.16666666667 0.02033 0.02071 0.02132 0.02239 0.02484 0.02759
1953.25 0.02301 0.02387 0.02459 0.0255 0.02761 0.03003
1953.33333333333 0.02352 0.02504 0.02633 0.02791 0.03087 0.03307
1953.41666666667 0.02035 0.02203 0.02334 0.02482 0.02763 0.03008
1953.5 0.02123 0.02208 0.02306 0.02451 0.02744 0.0299
1953.58333333333 0.01951 0.02057 0.02209 0.02452 0.02858 0.03091
1953.66666666667 0.01592 0.01767 0.01946 0.02179 0.02489 0.02648
1953.75 0.01313 0.0149 0.01696 0.0199 0.02435 0.02706
1953.83333333333 0.01534 0.01618 0.01755 0.01984 0.02405 0.02753
1953.91666666667 0.01416 0.01523 0.01665 0.01878 0.02208 0.02483
1954 0.00925 0.01003 0.01193 0.0153 0.02087 0.0249
1954.08333333333 0.00945 0.01006 0.01119 0.01341 0.01978 0.02468
1954.16666666667 0.00996 0.01039 0.01136 0.01339 0.01932 0.02422
1954.25 0.00746 0.00833 0.00986 0.01228 0.0177 0.02341
1954.33333333333 0.00694 0.00786 0.00957 0.01284 0.02032 0.02512
1954.41666666667 0.00615 0.00685 0.00847 0.01149 0.01854 0.02431
1954.5 0.00731 0.00786 0.00896 0.01158 0.01891 0.0239
1954.58333333333 0.0096 0.00957 0.01038 0.01254 0.01914 0.02459
1954.66666666667 0.00945 0.01031 0.01196 0.01455 0.01982 0.02462
1954.75 0.00983 0.0109 0.01261 0.0155 0.02118 0.0244
1954.83333333333 0.01021 0.01105 0.01252 0.01531 0.02136 0.02495
1954.91666666667 0.01009 0.01104 0.01286 0.01614 0.0221 0.02505
1955 0.01094 0.01217 0.01473 0.01846 0.02294 0.02651
1955.08333333333 0.01378 0.01559 0.01821 0.02162 0.0247 0.02713
1955.16666666667 0.01385 0.01521 0.01776 0.02128 0.02469 0.027
1955.25 0.01599 0.01731 0.01953 0.02249 0.02529 0.02764
1955.33333333333 0.0143 0.01619 0.01869 0.02185 0.02533 0.02731
1955.41666666667 0.01529 0.0171 0.0196 0.02286 0.02662 0.02858
1955.5 0.01817 0.01963 0.02191 0.02494 0.02832 0.02987
1955.58333333333 0.02101 0.02228 0.02415 0.02659 0.02895 0.02957
1955.66666666667 0.02147 0.02186 0.02278 0.0246 0.02787 0.02888
1955.75 0.021 0.02177 0.02312 0.02498 0.02702 0.02805
1955.83333333333 0.02408 0.02549 0.02689 0.02809 0.02849 0.02892
1955.91666666667 0.02527 0.02613 0.02732 0.02842 0.02883 0.02922
1956 0.02329 0.02375 0.02447 0.02556 0.02725 0.02815
1956.08333333333 0.02277 0.02413 0.02546 0.02665 0.02765 0.02838
1956.16666666667 0.02322 0.02481 0.02732 0.02983 0.03062 0.03073
1956.25 0.02697 0.02826 0.03039 0.03228 0.03128 0.03058
1956.33333333333 0.02619 0.02741 0.02862 0.02949 0.02939 0.02893
1956.41666666667 0.02446 0.02547 0.02693 0.02849 0.02973 0.02967
1956.5 0.02352 0.02599 0.02935 0.03202 0.03274 0.03189
1956.58333333333 0.02691 0.02928 0.03237 0.03475 0.03538 0.03405
1956.66666666667 0.0293 0.03107 0.03335 0.03507 0.03422 0.03335
1956.75 0.0289 0.03106 0.03335 0.0346 0.03509 0.03468
1956.83333333333 0.03149 0.03445 0.03694 0.03742 0.03626 0.03487
1956.91666666667 0.03289 0.03629 0.03801 0.03774 0.03711 0.03713
1957 0.03144 0.03235 0.03271 0.03255 0.03247 0.03214
1957.08333333333 0.03289 0.0342 0.03471 0.03449 0.03394 0.03357
1957.16666666667 0.03012 0.03161 0.03358 0.03447 0.03423 0.03369
1957.25 0.03072 0.03214 0.03426 0.03544 0.03571 0.03526
1957.33333333333 0.03298 0.03382 0.0349 0.03565 0.03676 0.03679
1957.41666666667 0.03363 0.03544 0.03714 0.03746 0.03831 0.03896
1957.5 0.03422 0.03626 0.03798 0.0384 0.03921 0.0388
1957.58333333333 0.03582 0.03901 0.04109 0.03987 0.03819 0.03797
1957.66666666667 0.03698 0.03954 0.04188 0.04209 0.03996 0.04011
1957.75 0.0365 0.0383 0.04009 0.04053 0.03949 0.03914
1957.83333333333 0.03192 0.03373 0.03456 0.03485 0.03416 0.03344
1957.91666666667 0.02785 0.02788 0.02772 0.02767 0.02855 0.03062
1958 0.0149 0.01723 0.02144 0.02542 0.02886 0.03173
1958.08333333333 0.01269 0.01479 0.01805 0.02147 0.02652 0.03057
1958.16666666667 0.01112 0.01311 0.01657 0.02096 0.02577 0.02916
1958.25 0.01177 0.01269 0.01462 0.01798 0.02409 0.02836
1958.33333333333 0.0063 0.00919 0.01321 0.01765 0.02341 0.02922
1958.41666666667 0.00739 0.00915 0.01303 0.01903 0.02554 0.03016
1958.5 0.00923 0.01129 0.01468 0.02024 0.02909 0.03195
1958.58333333333 0.02379 0.02647 0.02962 0.03356 0.03704 0.03761
1958.66666666667 0.02885 0.032 0.03363 0.03499 0.03754 0.03748
1958.75 0.02534 0.02829 0.03089 0.03379 0.03684 0.03712
1958.83333333333 0.02909 0.03228 0.03381 0.03478 0.03628 0.03644
1958.91666666667 0.02745 0.02969 0.0319 0.03459 0.0382 0.03901
1959 0.02764 0.0309 0.03403 0.03739 0.04004 0.03991
1959.08333333333 0.02831 0.03145 0.03383 0.03602 0.03791 0.03796
1959.16666666667 0.02892 0.03292 0.03594 0.03826 0.03984 0.03973
1959.25 0.02944 0.03318 0.03608 0.03879 0.04178 0.04202
1959.33333333333 0.03026 0.03603 0.03861 0.03979 0.04214 0.04178
1959.41666666667 0.03164 0.03749 0.03966 0.04139 0.04412 0.04227
1959.5 0.03042 0.03793 0.04409 0.04342 0.04579 0.04406
1959.58333333333 0.03955 0.04386 0.04563 0.04444 0.04667 0.04486
1959.66666666667 0.04215 0.04902 0.04925 0.04688 0.04693 0.04471
1959.75 0.04059 0.04424 0.04548 0.04358 0.04691 0.04484
1959.83333333333 0.04522 0.04842 0.04947 0.04867 0.04735 0.04517
1959.91666666667 0.04559 0.0494 0.05025 0.04952 0.04807 0.04703
1960 0.04112 0.04564 0.04711 0.04694 0.04761 0.04632
1960.08333333333 0.0425 0.04375 0.04396 0.04487 0.04599 0.04396
1960.16666666667 0.03095 0.03414 0.03627 0.03789 0.04035 0.04071
1960.25 0.03075 0.03532 0.04157 0.0425 0.04488 0.0434
1960.33333333333 0.03163 0.03451 0.03929 0.04141 0.04312 0.04149
1960.41666666667 0.02197 0.02648 0.0318 0.03703 0.03993 0.04205
1960.5 0.02209 0.02596 0.0291 0.03168 0.03465 0.03824
1960.58333333333 0.02615 0.02867 0.02882 0.03135 0.0356 0.03868
1960.66666666667 0.0253 0.02893 0.02802 0.03045 0.03592 0.03812
1960.75 0.02185 0.02607 0.02855 0.03138 0.03658 0.03898
1960.83333333333 0.02441 0.02767 0.03007 0.03311 0.03805 0.03999
1960.91666666667 0.02275 0.02442 0.02583 0.02873 0.03436 0.03747
1961 0.02301 0.02522 0.0276 0.03152 0.0365 0.03855
1961.08333333333 0.02618 0.02799 0.02972 0.03187 0.03535 0.03732
1961.16666666667 0.02417 0.02643 0.02859 0.03053 0.03557 0.03822
1961.25 0.02266 0.02484 0.02845 0.0304 0.03469 0.03758
1961.33333333333 0.02401 0.02604 0.02917 0.03202 0.03594 0.03832
1961.41666666667 0.02308 0.02538 0.02905 0.03285 0.03726 0.03903
1961.5 0.02242 0.02503 0.02881 0.0326 0.03874 0.04003
1961.58333333333 0.02365 0.0271 0.03053 0.03366 0.03868 0.04006
1961.66666666667 0.02337 0.02705 0.03 0.03322 0.03738 0.03871
1961.75 0.02323 0.02669 0.02958 0.03245 0.03711 0.03902
1961.83333333333 0.02596 0.02803 0.03033 0.03329 0.03797 0.04036
1961.91666666667 0.02749 0.02942 0.03148 0.03419 0.03838 0.04093
1962 0.02747 0.02948 0.0321 0.03524 0.03949 0.04154
1962.08333333333 0.02763 0.02932 0.03088 0.03297 0.03751 0.04114
1962.16666666667 0.02828 0.02873 0.0289 0.03147 0.03623 0.03908
1962.25 0.02776 0.02871 0.03 0.03257 0.03642 0.03932
1962.33333333333 0.02722 0.02791 0.02938 0.03113 0.03659 0.03942
1962.41666666667 0.0295 0.02992 0.03035 0.03277 0.03767 0.03989
1962.5 0.02899 0.03082 0.03257 0.03422 0.0386 0.04071
1962.58333333333 0.02853 0.0302 0.03109 0.03154 0.03684 0.03985
1962.66666666667 0.02835 0.02934 0.02931 0.03087 0.03682 0.03972
1962.75 0.02745 0.02853 0.02876 0.03103 0.03644 0.03973
1962.83333333333 0.02934 0.02966 0.03009 0.03168 0.03587 0.03958
1962.91666666667 0.02967 0.03 0.0301 0.03215 0.03534 0.03917
1963 0.02984 0.03012 0.02993 0.03149 0.03631 0.03922
1963.08333333333 0.02936 0.02952 0.02942 0.03158 0.03687 0.03987
1963.16666666667 0.02846 0.03124 0.02989 0.03151 0.03704 0.04019
1963.25 0.02944 0.03035 0.03081 0.03277 0.03713 0.04001
1963.33333333333 0.03057 0.03118 0.03115 0.03312 0.03761 0.04003
1963.41666666667 0.03054 0.03119 0.03125 0.03326 0.0381 0.04022
1963.5 0.0329 0.03419 0.03461 0.03582 0.03881 0.04012
1963.58333333333 0.03438 0.03526 0.03598 0.03628 0.03918 0.0404
1963.66666666667 0.03466 0.03573 0.03592 0.0365 0.03945 0.04105
1963.75 0.03544 0.03654 0.03673 0.03751 0.04014 0.04188
1963.83333333333 0.03571 0.03696 0.03737 0.03787 0.0398 0.04128
1963.91666666667 0.03585 0.03718 0.03814 0.03908 0.04068 0.04175
1964 0.03547 0.03668 0.03777 0.0388 0.04049 0.04206
1964.08333333333 0.03653 0.038 0.03895 0.03977 0.04113 0.04237
1964.16666666667 0.03597 0.03768 0.03909 0.04074 0.042 0.04264
1964.25 0.03506 0.03661 0.03812 0.03966 0.04171 0.04208
1964.33333333333 0.03522 0.03644 0.03825 0.03923 0.04073 0.04198
1964.41666666667 0.03545 0.03626 0.03754 0.03827 0.04057 0.04157
1964.5 0.03508 0.03646 0.03737 0.0375 0.04083 0.04211
1964.58333333333 0.03559 0.03691 0.03792 0.03835 0.04084 0.04225
1964.66666666667 0.03631 0.03782 0.03867 0.03894 0.04055 0.04191
1964.75 0.03619 0.03794 0.03877 0.03921 0.04061 0.04174
1964.83333333333 0.03905 0.04078 0.04147 0.04128 0.04147 0.04185
1964.91666666667 0.03889 0.04003 0.04 0.03992 0.04121 0.04219
1965 0.03925 0.04059 0.04026 0.0398 0.04095 0.04195
1965.08333333333 0.04039 0.04134 0.04141 0.04093 0.04127 0.04227
1965.16666666667 0.03983 0.04074 0.04085 0.04066 0.04143 0.04205
1965.25 0.03987 0.04068 0.04066 0.04067 0.04144 0.04196
1965.33333333333 0.03954 0.04026 0.04068 0.04073 0.04141 0.04234
1965.41666666667 0.03866 0.03934 0.03925 0.03953 0.0411 0.04204
1965.5 0.03887 0.03975 0.03999 0.04055 0.04174 0.04223
1965.58333333333 0.03933 0.04088 0.04105 0.04126 0.0423 0.04278
1965.66666666667 0.04106 0.04279 0.04351 0.04343 0.04364 0.04409
1965.75 0.04134 0.04291 0.04352 0.04383 0.04445 0.04456
1965.83333333333 0.04179 0.04367 0.0444 0.045 0.0456 0.04542
1965.91666666667 0.04571 0.04825 0.04964 0.05079 0.04965 0.04704
1966 0.04721 0.04843 0.04898 0.05042 0.05024 0.04792
1966.08333333333 0.04738 0.04965 0.05133 0.05184 0.05279 0.05196
1966.16666666667 0.04612 0.04849 0.04974 0.05015 0.04959 0.04825
1966.25 0.04698 0.04872 0.04949 0.05039 0.05016 0.04947
1966.33333333333 0.04693 0.04947 0.05055 0.05251 0.05112 0.04935
1966.41666666667 0.04617 0.04868 0.05018 0.05363 0.05257 0.0511
1966.5 0.04812 0.0509 0.05212 0.05405 0.05463 0.0526
1966.58333333333 0.0512 0.05758 0.05945 0.06303 0.06005 0.05569
1966.66666666667 0.05478 0.0583 0.05915 0.05794 0.05423 0.05071
1966.75 0.05356 0.05696 0.05715 0.05611 0.0538 0.05078
1966.83333333333 0.05285 0.05412 0.05477 0.05683 0.05371 0.05265
1966.91666666667 0.04938 0.0508 0.05034 0.05021 0.04874 0.04724
1967 0.04609 0.04635 0.04634 0.0468 0.04685 0.04617
1967.08333333333 0.04595 0.04657 0.04681 0.04913 0.048 0.04867
1967.16666666667 0.04161 0.04162 0.04142 0.04238 0.04421 0.04599
1967.25 0.03773 0.0393 0.04057 0.04437 0.04718 0.04943
1967.33333333333 0.03492 0.03839 0.04039 0.04535 0.04711 0.04964
1967.41666666667 0.04051 0.0454 0.05084 0.05215 0.05423 0.05441
1967.5 0.04181 0.04777 0.0516 0.05136 0.05204 0.05347
1967.58333333333 0.0449 0.04955 0.05315 0.05391 0.05443 0.05422
1967.66666666667 0.04587 0.05159 0.054 0.05387 0.05509 0.05515
1967.75 0.0463 0.05224 0.05496 0.0561 0.05682 0.05711
1967.83333333333 0.05038 0.05604 0.05754 0.05618 0.05776 0.05819
1967.91666666667 0.05163 0.05723 0.05898 0.05878 0.05792 0.05771
1968 0.04952 0.0517 0.05454 0.05584 0.05675 0.05731
1968.08333333333 0.05122 0.05344 0.05507 0.05647 0.057 0.05689
1968.16666666667 0.05279 0.05467 0.05685 0.0586 0.05905 0.0597
1968.25 0.0561 0.05802 0.05938 0.06016 0.06032 0.05925
1968.33333333333 0.0584 0.06083 0.06169 0.06172 0.0594 0.05984
1968.41666666667 0.05416 0.05695 0.05945 0.05943 0.05819 0.05751
1968.5 0.05232 0.05436 0.05463 0.05498 0.05523 0.05532
1968.58333333333 0.05256 0.05413 0.05412 0.05366 0.05509 0.05555
1968.66666666667 0.05276 0.05446 0.05412 0.05456 0.05529 0.05647
1968.75 0.05586 0.0567 0.057 0.05631 0.05651 0.0579
1968.83333333333 0.05602 0.0578 0.05858 0.05647 0.05743 0.05951
1968.91666666667 0.06308 0.06563 0.06617 0.0659 0.06427 0.06417
1969 0.06286 0.06509 0.06482 0.06385 0.06238 0.06338
1969.08333333333 0.06299 0.06549 0.06505 0.06589 0.06449 0.06368
1969.16666666667 0.06124 0.06269 0.06313 0.06256 0.06294 0.06421
1969.25 0.06012 0.06146 0.06236 0.06364 0.06387 0.06335
1969.33333333333 0.06204 0.06477 0.06599 0.06743 0.06631 0.06575
1969.41666666667 0.06492 0.07204 0.07672 0.07491 0.06966 0.06588
1969.5 0.07191 0.07467 0.0765 0.07545 0.06844 0.06479
1969.58333333333 0.07071 0.0739 0.07531 0.0742 0.06951 0.06541
1969.66666666667 0.07192 0.0754 0.07814 0.07904 0.0766 0.07199
1969.75 0.07049 0.07519 0.07396 0.07196 0.07041 0.06717
1969.83333333333 0.07667 0.08056 0.07843 0.0752 0.07273 0.07016
1969.91666666667 0.08136 0.08274 0.07937 0.08065 0.07781 0.07323
1970 0.08012 0.0806 0.07963 0.07973 0.07922 0.07439
1970.08333333333 0.07011 0.06976 0.06892 0.07074 0.07125 0.06808
1970.16666666667 0.06483 0.06587 0.06655 0.06849 0.07111 0.06835
1970.25 0.07031 0.07328 0.07527 0.07713 0.07833 0.07714
1970.33333333333 0.07036 0.07206 0.07452 0.07731 0.07591 0.077
1970.41666666667 0.06521 0.06797 0.07215 0.07523 0.07626 0.07502
1970.5 0.06427 0.06659 0.06894 0.07291 0.07477 0.07604
1970.58333333333 0.06377 0.06673 0.06781 0.07146 0.07349 0.07569
1970.66666666667 0.06031 0.06536 0.06604 0.06679 0.07078 0.07299
1970.75 0.05957 0.06227 0.06342 0.0652 0.06973 0.07197
1970.83333333333 0.05068 0.05048 0.05161 0.05385 0.06081 0.06489
1970.91666666667 0.04899 0.04914 0.04994 0.05473 0.05996 0.06338
1971 0.04173 0.04246 0.04239 0.04732 0.05872 0.06174
1971.08333333333 0.03425 0.0361 0.03746 0.04225 0.05494 0.06124
1971.16666666667 0.0364 0.03695 0.03809 0.04155 0.0515 0.05719
1971.25 0.04044 0.04334 0.04635 0.05199 0.06053 0.06149
1971.33333333333 0.04377 0.0451 0.04972 0.05493 0.06123 0.06529
1971.41666666667 0.0512 0.05465 0.06057 0.0649 0.06803 0.06827
1971.5 0.05311 0.05824 0.06063 0.06502 0.06911 0.06946
1971.58333333333 0.044 0.04819 0.05273 0.0555 0.05933 0.06298
1971.66666666667 0.04646 0.04987 0.05274 0.05505 0.05953 0.0597
1971.75 0.04374 0.04482 0.04603 0.05055 0.05759 0.0596
1971.83333333333 0.04346 0.04504 0.04752 0.05067 0.0584 0.05846
1971.91666666667 0.03702 0.04035 0.04293 0.04835 0.05494 0.05966
1972 0.03381 0.03784 0.04183 0.04843 0.05762 0.06399
1972.08333333333 0.03441 0.03819 0.0424 0.04834 0.05682 0.06256
1972.16666666667 0.03925 0.04466 0.05004 0.05515 0.06039 0.06216
1972.25 0.03669 0.0412 0.04497 0.05145 0.05831 0.06209
1972.33333333333 0.0381 0.04211 0.04561 0.04998 0.05726 0.06138
1972.41666666667 0.04108 0.0469 0.05171 0.05482 0.05944 0.06244
1972.5 0.0386 0.04432 0.04878 0.05365 0.05969 0.06401
1972.58333333333 0.04508 0.0502 0.0537 0.05674 0.0613 0.06513
1972.66666666667 0.0474 0.0531 0.05632 0.05864 0.0609 0.06623
1972.75 0.04818 0.05186 0.05479 0.05811 0.06105 0.06448
1972.83333333333 0.04918 0.05264 0.05363 0.05666 0.0599 0.06336
1972.91666666667 0.05222 0.05485 0.05591 0.05898 0.06119 0.06411
1973 0.05768 0.05965 0.06058 0.06264 0.06339 0.06446
1973.08333333333 0.05901 0.0616 0.06391 0.06609 0.0662 0.06554
1973.16666666667 0.06534 0.06913 0.06962 0.06787 0.06655 0.06581
1973.25 0.06388 0.06684 0.06719 0.06648 0.06608 0.06574
1973.33333333333 0.07011 0.07105 0.07048 0.06801 0.06659 0.06781
1973.41666666667 0.0762 0.07812 0.07593 0.07042 0.0676 0.06793
1973.5 0.08357 0.08655 0.08664 0.08167 0.07588 0.07336
1973.58333333333 0.0868 0.0874 0.08465 0.07711 0.07061 0.07037
1973.66666666667 0.07248 0.07776 0.07577 0.06934 0.06624 0.06764
1973.75 0.07409 0.07691 0.06985 0.06825 0.06842 0.06891
1973.83333333333 0.07623 0.08067 0.07425 0.06727 0.06669 0.06786
1973.91666666667 0.07572 0.07586 0.07112 0.06719 0.06631 0.06792
1974 0.07664 0.07471 0.07025 0.06731 0.0677 0.07004
1974.08333333333 0.07587 0.07481 0.06989 0.06761 0.06847 0.07089
1974.16666666667 0.0864 0.08557 0.08289 0.07819 0.07549 0.07486
1974.25 0.09008 0.0899 0.08941 0.0828 0.0803 0.07894
1974.33333333333 0.0829 0.0851 0.0873 0.08019 0.07891 0.07834
1974.41666666667 0.07757 0.0821 0.08683 0.08185 0.0811 0.0784
1974.5 0.07743 0.08263 0.08652 0.0842 0.08279 0.08009
1974.58333333333 0.09296 0.09729 0.0974 0.08755 0.08403 0.08275
1974.66666666667 0.06321 0.07696 0.08292 0.07946 0.07904 0.0789
1974.75 0.08085 0.08016 0.07859 0.0772 0.07797 0.07746
1974.83333333333 0.07627 0.0783 0.07512 0.07264 0.07519 0.07699
1974.91666666667 0.07179 0.07233 0.07128 0.07178 0.07172 0.07427
1975 0.05839 0.0602 0.0615 0.06708 0.07238 0.07479
1975.08333333333 0.0555 0.05765 0.05919 0.06256 0.0706 0.07487
1975.16666666667 0.05658 0.05863 0.06164 0.06696 0.07402 0.07933
1975.25 0.05595 0.06201 0.0686 0.07587 0.07967 0.08129
1975.33333333333 0.05282 0.056 0.06071 0.06844 0.07558 0.07966
1975.41666666667 0.06036 0.06325 0.06849 0.0721 0.07703 0.07868
1975.5 0.0634 0.06896 0.07261 0.07654 0.07935 0.0803
1975.58333333333 0.06503 0.07084 0.07461 0.077 0.08023 0.08089
1975.66666666667 0.06693 0.07226 0.07621 0.08029 0.08279 0.08372
1975.75 0.05626 0.05863 0.06292 0.0696 0.07548 0.07927
1975.83333333333 0.0568 0.06151 0.06568 0.07228 0.07817 0.08219
1975.91666666667 0.05292 0.05632 0.06101 0.06681 0.07423 0.07798
1976 0.04789 0.05106 0.05558 0.06392 0.0745 0.07885
1976.08333333333 0.05095 0.05609 0.06111 0.06763 0.07434 0.07797
1976.16666666667 0.05052 0.05498 0.0604 0.06652 0.07329 0.07694
1976.25 0.04994 0.05428 0.06014 0.06581 0.07279 0.07687
1976.33333333333 0.05615 0.06115 0.06661 0.07252 0.07682 0.07894
1976.41666666667 0.05475 0.05932 0.06356 0.06915 0.07491 0.07806
1976.5 0.05268 0.05653 0.06077 0.06685 0.07386 0.07845
1976.58333333333 0.05168 0.05503 0.05827 0.06432 0.07109 0.07659
1976.66666666667 0.05179 0.05466 0.05731 0.06268 0.07013 0.07558
1976.75 0.04979 0.05202 0.05458 0.06025 0.06735 0.07459
1976.83333333333 0.04505 0.04683 0.04882 0.05394 0.06014 0.07089
1976.91666666667 0.04448 0.04626 0.0484 0.05354 0.06115 0.06834
1977 0.04813 0.05145 0.05548 0.06172 0.06911 0.07375
1977.08333333333 0.04785 0.0507 0.05516 0.06113 0.0698 0.07445
1977.16666666667 0.04655 0.04911 0.05407 0.05972 0.0691 0.07424
1977.25 0.04718 0.05051 0.05511 0.06071 0.0692 0.07449
1977.33333333333 0.05109 0.05374 0.05701 0.06134 0.06842 0.07391
1977.41666666667 0.05118 0.0539 0.05636 0.06055 0.06729 0.0727
1977.5 0.05481 0.05811 0.06085 0.0641 0.06989 0.07384
1977.58333333333 0.05655 0.06026 0.06262 0.06471 0.06891 0.0725
1977.66666666667 0.06036 0.06337 0.06568 0.06747 0.07056 0.0733
1977.75 0.06367 0.06713 0.07005 0.07205 0.07419 0.07547
1977.83333333333 0.06194 0.06576 0.06869 0.07068 0.07282 0.07513
1977.91666666667 0.06323 0.0663 0.06921 0.07095 0.07454 0.07681
1978 0.06532 0.06858 0.07118 0.07279 0.07611 0.07815
1978.08333333333 0.06555 0.06919 0.07159 0.07435 0.07762 0.07918
1978.16666666667 0.06619 0.06968 0.07324 0.07576 0.07846 0.0802
1978.25 0.06505 0.07087 0.07524 0.0778 0.07928 0.08102
1978.33333333333 0.06812 0.07362 0.07779 0.07959 0.08128 0.08268
1978.41666666667 0.07246 0.07746 0.08199 0.08291 0.08314 0.08451
1978.5 0.07005 0.07617 0.08198 0.08262 0.08287 0.08386
1978.58333333333 0.077 0.07954 0.08302 0.08258 0.08205 0.08203
1978.66666666667 0.08324 0.08659 0.08658 0.08452 0.08294 0.08429
1978.75 0.08937 0.09503 0.09657 0.09246 0.08826 0.08662
1978.83333333333 0.09173 0.09581 0.09757 0.09251 0.08633 0.08623
1978.91666666667 0.09552 0.09857 0.10329 0.09794 0.09006 0.08864
1979 0.09557 0.0973 0.09796 0.0934 0.08672 0.08717
1979.08333333333 0.09672 0.09905 0.09971 0.09582 0.08982 0.08967
1979.16666666667 0.09708 0.09831 0.09773 0.0949 0.08891 0.08902
1979.25 0.09783 0.0993 0.0991 0.09625 0.09076 0.09123
1979.33333333333 0.09795 0.09777 0.09612 0.09267 0.08759 0.0887
1979.41666666667 0.09194 0.09251 0.09109 0.08709 0.08499 0.08627
1979.5 0.09402 0.09628 0.09485 0.09021 0.08738 0.08821
1979.58333333333 0.10025 0.10188 0.10213 0.09558 0.09103 0.08988
1979.66666666667 0.1039 0.1052 0.10479 0.09779 0.09223 0.09157
1979.75 0.12488 0.12729 0.12438 0.11585 0.10775 0.10311
1979.83333333333 0.11775 0.12027 0.11331 0.10795 0.10207 0.10112
1979.91666666667 0.12285 0.12298 0.11413 0.10862 0.1003 0.10024
1980 0.12364 0.12425 0.11729 0.11315 0.10724 0.10903
1980.08333333333 0.14324 0.14731 0.14904 0.14458 0.12907 0.12283
1980.16666666667 0.15241 0.15924 0.15281 0.14146 0.12383 0.12018
1980.25 0.10676 0.11041 0.10964 0.105 0.1044 0.10709
1980.33333333333 0.07911 0.08363 0.08686 0.09023 0.09704 0.10209
1980.41666666667 0.08156 0.08198 0.08426 0.08953 0.09419 0.10025
1980.5 0.08802 0.08934 0.09135 0.0965 0.1011 0.10698
1980.58333333333 0.10255 0.10713 0.11142 0.1126 0.11477 0.11201
1980.66666666667 0.11625 0.11947 0.11893 0.11837 0.11585 0.11552
1980.75 0.12995 0.13266 0.13106 0.1269 0.12358 0.11986
1980.83333333333 0.14856 0.14833 0.14448 0.1364 0.12661 0.12056
1980.91666666667 0.14758 0.14404 0.13201 0.12516 0.12105 0.11944
1981 0.15025 0.14542 0.13655 0.128 0.1236 0.12192
1981.08333333333 0.14698 0.14556 0.13997 0.13519 0.13288 0.12913
1981.16666666667 0.12823 0.12652 0.12862 0.12807 0.13007 0.12685
1981.25 0.15204 0.14958 0.14673 0.14304 0.13903 0.13499
1981.33333333333 0.15673 0.14952 0.14686 0.14153 0.13314 0.12887
1981.41666666667 0.14649 0.14659 0.1442 0.14188 0.13736 0.13292
1981.5 0.15406 0.15801 0.15748 0.15328 0.14662 0.13888
1981.58333333333 0.15999 0.16511 0.16345 0.16145 0.15461 0.14606
1981.66666666667 0.14759 0.15653 0.15911 0.16107 0.15696 0.15065
1981.75 0.13125 0.13689 0.14099 0.14158 0.14356 0.14211
1981.83333333333 0.10568 0.11055 0.11564 0.12235 0.12723 0.12947
1981.91666666667 0.11509 0.12552 0.13327 0.13507 0.13766 0.13669
1982 0.12843 0.13408 0.13805 0.13845 0.13905 0.13802
1982.08333333333 0.12717 0.13555 0.13751 0.13884 0.13706 0.13581
1982.16666666667 0.13663 0.13865 0.13946 0.14112 0.13936 0.13635
1982.25 0.12711 0.13156 0.13459 0.13637 0.13458 0.13306
1982.33333333333 0.11855 0.12245 0.12867 0.13227 0.13491 0.13302
1982.41666666667 0.13116 0.13813 0.14211 0.1432 0.14265 0.13842
1982.5 0.10497 0.11771 0.12646 0.12934 0.13352 0.13277
1982.58333333333 0.08331 0.09836 0.11168 0.11891 0.12473 0.12439
1982.66666666667 0.07774 0.09225 0.10369 0.11212 0.1165 0.11741
1982.75 0.08112 0.08735 0.09454 0.10008 0.10748 0.10869
1982.83333333333 0.08391 0.0887 0.09321 0.09842 0.1071 0.1097
1982.91666666667 0.08174 0.08335 0.08786 0.09447 0.10329 0.10585
1983 0.08263 0.08516 0.08956 0.09595 0.10552 0.11037
1983.08333333333 0.08063 0.08242 0.08608 0.09204 0.09859 0.10363
1983.16666666667 0.08856 0.09023 0.09246 0.09726 0.10314 0.10639
1983.25 0.08278 0.08408 0.0872 0.09233 0.09971 0.10321
1983.33333333333 0.08833 0.09048 0.09318 0.09892 0.10517 0.10862
1983.41666666667 0.08981 0.09236 0.09583 0.10134 0.10692 0.11003
1983.5 0.09434 0.09808 0.10346 0.10981 0.1153 0.11779
1983.58333333333 0.09464 0.09911 0.10363 0.11011 0.11695 0.11789
1983.66666666667 0.08923 0.09243 0.09698 0.1036 0.11129 0.11376
1983.75 0.08716 0.09122 0.09621 0.10378 0.11291 0.11642
1983.83333333333 0.09068 0.09373 0.0971 0.10442 0.11261 0.11466
1983.91666666667 0.09197 0.09501 0.09894 0.10627 0.11429 0.11658
1984 0.09097 0.09319 0.09634 0.10388 0.11204 0.11532
1984.08333333333 0.09373 0.09683 0.09985 0.10775 0.11609 0.11855
1984.16666666667 0.09966 0.10266 0.10611 0.11295 0.12066 0.12307
1984.25 0.09962 0.10339 0.10811 0.11559 0.1234 0.12599
1984.33333333333 0.10039 0.11009 0.11927 0.12694 0.13436 0.13624
1984.41666666667 0.1018 0.10978 0.11988 0.12853 0.134 0.13508
1984.5 0.10567 0.11029 0.11631 0.12287 0.12519 0.12647
1984.58333333333 0.10821 0.11126 0.11669 0.12206 0.12495 0.12473
1984.66666666667 0.10503 0.10764 0.11165 0.11774 0.12213 0.12151
1984.75 0.09248 0.09648 0.1015 0.10892 0.11394 0.11554
1984.83333333333 0.08623 0.08988 0.09531 0.10312 0.11226 0.11428
1984.91666666667 0.08126 0.08367 0.09132 0.09932 0.11111 0.11459
1985 0.08195 0.08437 0.08982 0.09763 0.10779 0.11119
1985.08333333333 0.08706 0.09134 0.0965 0.10457 0.11502 0.11859
1985.16666666667 0.08513 0.08868 0.09417 0.10295 0.11283 0.11588
1985.25 0.0798 0.08387 0.08945 0.09787 0.10901 0.11404
1985.33333333333 0.07322 0.07478 0.08011 0.08836 0.09864 0.10331
1985.41666666667 0.0703 0.07252 0.07747 0.08642 0.09849 0.10286
1985.5 0.07397 0.07662 0.08092 0.08975 0.10173 0.10653
1985.58333333333 0.07271 0.07546 0.07976 0.08795 0.09859 0.10376
1985.66666666667 0.07255 0.07443 0.08015 0.08737 0.09847 0.10459
1985.75 0.07354 0.07509 0.07815 0.08579 0.09534 0.10078
1985.83333333333 0.07381 0.0746 0.07746 0.08317 0.0924 0.09591
1985.91666666667 0.07169 0.07297 0.07496 0.07877 0.08557 0.09015
1986 0.07163 0.07268 0.07483 0.07916 0.08658 0.0928
1986.08333333333 0.072 0.07219 0.07327 0.07648 0.08017 0.08124
1986.16666666667 0.06464 0.06474 0.06723 0.06923 0.07319 0.07434
1986.25 0.06178 0.06304 0.06493 0.06912 0.07315 0.07475
1986.33333333333 0.06426 0.06595 0.0687 0.07388 0.08022 0.08212
1986.41666666667 0.06108 0.06173 0.06407 0.06859 0.07372 0.07492
1986.5 0.05884 0.05943 0.06178 0.06615 0.07215 0.07639
1986.58333333333 0.05242 0.05262 0.05485 0.05988 0.06648 0.07347
1986.66666666667 0.05321 0.0553 0.05821 0.06441 0.07249 0.07861
1986.75 0.05301 0.05413 0.05695 0.06203 0.06927 0.07642
1986.83333333333 0.05456 0.05561 0.05701 0.06133 0.06741 0.07283
1986.91666666667 0.05803 0.05766 0.05946 0.06369 0.06812 0.07329
1987 0.05705 0.05737 0.05879 0.0625 0.06785 0.07347
1987.08333333333 0.05554 0.05646 0.05889 0.06286 0.06757 0.07274
1987.16666666667 0.0563 0.05863 0.06105 0.06518 0.07013 0.07604
1987.25 0.05549 0.06102 0.06644 0.07205 0.0786 0.08355
1987.33333333333 0.05788 0.0628 0.06911 0.07632 0.08089 0.08484
1987.41666666667 0.05782 0.06151 0.06717 0.07369 0.0796 0.08403
1987.5 0.06073 0.06451 0.0693 0.07439 0.08158 0.08752
1987.58333333333 0.06321 0.06655 0.07232 0.0777 0.08427 0.09057
1987.66666666667 0.06738 0.0723 0.07843 0.08447 0.09083 0.09648
1987.75 0.05385 0.0618 0.06906 0.07634 0.08414 0.08982
1987.83333333333 0.05426 0.06362 0.07032 0.07637 0.08442 0.09069
1987.91666666667 0.05808 0.06428 0.07161 0.07695 0.08365 0.08942
1988 0.05825 0.06164 0.06689 0.07138 0.07744 0.08319
1988.08333333333 0.05717 0.06035 0.0658 0.07033 0.076 0.08257
1988.16666666667 0.05867 0.06235 0.06814 0.07302 0.08028 0.08663
1988.25 0.06092 0.06534 0.07071 0.07637 0.08297 0.08952
1988.33333333333 0.0663 0.07066 0.07575 0.08084 0.08627 0.092
1988.41666666667 0.0671 0.06953 0.07437 0.0789 0.08321 0.08819
1988.5 0.07041 0.07336 0.078 0.08271 0.08625 0.09125
1988.58333333333 0.07368 0.07805 0.08192 0.08559 0.08834 0.09173
1988.66666666667 0.07447 0.07739 0.08034 0.08279 0.08496 0.08822
1988.75 0.07499 0.0772 0.07919 0.0808 0.08256 0.0859
1988.83333333333 0.08013 0.08235 0.08492 0.08658 0.08762 0.08941
1988.91666666667 0.08281 0.08547 0.08873 0.08951 0.08989 0.0896
1989 0.08506 0.08688 0.08879 0.08929 0.08899 0.08793
1989.08333333333 0.08894 0.08956 0.09283 0.09322 0.09225 0.09056
1989.16666666667 0.09053 0.09279 0.0949 0.09454 0.09282 0.09
1989.25 0.0865 0.08814 0.09038 0.09076 0.08954 0.08854
1989.33333333333 0.08769 0.0867 0.08746 0.08605 0.08555 0.0847
1989.41666666667 0.08157 0.08038 0.0805 0.07899 0.07955 0.08019
1989.5 0.07902 0.07635 0.07633 0.07372 0.07479 0.07785
1989.58333333333 0.08133 0.08049 0.08237 0.08196 0.08173 0.08156
1989.66666666667 0.08139 0.08178 0.08352 0.08247 0.08242 0.08193
1989.75 0.07936 0.07787 0.07797 0.07716 0.0777 0.07867
1989.83333333333 0.07745 0.07656 0.07613 0.07574 0.07694 0.0782
1989.91666666667 0.07789 0.077 0.07742 0.07728 0.07787 0.07915
1990 0.07901 0.0793 0.07998 0.08159 0.08246 0.08359
1990.08333333333 0.07977 0.07951 0.08009 0.08273 0.08392 0.08459
1990.16666666667 0.07983 0.08071 0.08224 0.08502 0.0855 0.08549
1990.25 0.07988 0.08214 0.08471 0.08808 0.08906 0.08924
1990.33333333333 0.07938 0.07969 0.08094 0.08327 0.08483 0.08506
1990.41666666667 0.07925 0.07876 0.07963 0.08107 0.08284 0.08359
1990.5 0.07636 0.07573 0.07641 0.07801 0.08054 0.08306
1990.58333333333 0.07526 0.07584 0.0774 0.08005 0.08467 0.08827
1990.66666666667 0.07368 0.07415 0.07663 0.0791 0.08405 0.08787
1990.75 0.07298 0.07263 0.07352 0.0764 0.08178 0.08645
1990.83333333333 0.07178 0.07251 0.07269 0.07501 0.07873 0.08316
1990.91666666667 0.06621 0.06641 0.06842 0.07122 0.07651 0.08103
1991 0.06308 0.06345 0.06531 0.06976 0.07597 0.08069
1991.08333333333 0.05978 0.0619 0.06336 0.07004 0.07632 0.08096
1991.16666666667 0.0596 0.06029 0.06306 0.0701 0.07735 0.08129
1991.25 0.05621 0.05756 0.06084 0.06826 0.07649 0.08121
1991.33333333333 0.05663 0.05828 0.06131 0.06784 0.07675 0.08162
1991.41666666667 0.05664 0.05888 0.06279 0.06883 0.07886 0.08329
1991.5 0.05711 0.05834 0.06159 0.06749 0.0774 0.08246
1991.58333333333 0.05457 0.05537 0.05701 0.0629 0.07337 0.07947
1991.66666666667 0.05219 0.05273 0.05413 0.06013 0.06976 0.07623
1991.75 0.04932 0.04958 0.05079 0.05695 0.06814 0.07655
1991.83333333333 0.04423 0.0451 0.04693 0.05381 0.06629 0.07635
1991.91666666667 0.03914 0.03929 0.04143 0.04778 0.06113 0.07006
1992 0.03868 0.03991 0.0428 0.05153 0.06615 0.07566
1992.08333333333 0.03944 0.04062 0.04362 0.05268 0.06717 0.07525
1992.16666666667 0.04139 0.04268 0.04607 0.05623 0.07023 0.07743
1992.25 0.03749 0.0394 0.04347 0.054 0.06957 0.07824
1992.33333333333 0.03772 0.03907 0.04218 0.05145 0.06641 0.07595
1992.41666666667 0.03645 0.03768 0.0403 0.04829 0.06364 0.07422
1992.5 0.03251 0.03358 0.03623 0.04405 0.05954 0.07002
1992.58333333333 0.03221 0.03302 0.03464 0.04147 0.05757 0.06973
1992.66666666667 0.0278 0.02878 0.0309 0.03822 0.05449 0.0679
1992.75 0.03019 0.03232 0.03577 0.04464 0.05997 0.07161
1992.83333333333 0.03314 0.0349 0.03894 0.04827 0.06338 0.07228
1992.91666666667 0.0313 0.03316 0.03648 0.0455 0.06163 0.06973
1993 0.02905 0.03086 0.03412 0.04203 0.05656 0.06686
1993.08333333333 0.02914 0.03067 0.03312 0.03918 0.05302 0.06356
1993.16666666667 0.02963 0.03087 0.03342 0.03934 0.05325 0.06366
1993.25 0.02945 0.03044 0.03242 0.03803 0.05239 0.06357
1993.33333333333 0.03132 0.03306 0.036 0.04204 0.05391 0.06416
1993.41666666667 0.03095 0.03225 0.03445 0.04012 0.05088 0.05989
1993.5 0.03111 0.03243 0.0351 0.04118 0.05181 0.05993
1993.58333333333 0.03071 0.03169 0.03369 0.03849 0.04813 0.05666
1993.66666666667 0.02986 0.03119 0.03364 0.03874 0.04816 0.05615
1993.75 0.03083 0.03227 0.03446 0.03978 0.04858 0.05627
1993.83333333333 0.03172 0.03312 0.03632 0.04182 0.05186 0.06013
1993.91666666667 0.03061 0.03256 0.03619 0.04207 0.05231 0.06016
1994 0.02963 0.03179 0.035 0.04073 0.05024 0.05821
1994.08333333333 0.03321 0.03623 0.0401 0.04659 0.05604 0.06341
1994.16666666667 0.0361 0.03936 0.04481 0.05196 0.06243 0.06933
1994.25 0.03944 0.04402 0.05009 0.05698 0.066 0.07158
1994.33333333333 0.04312 0.04798 0.05306 0.05945 0.06716 0.0724
1994.41666666667 0.04298 0.04842 0.05431 0.06102 0.06904 0.07415
1994.5 0.04411 0.04803 0.05325 0.05936 0.06662 0.07179
1994.58333333333 0.04654 0.04977 0.05481 0.06047 0.06736 0.07241
1994.66666666667 0.0484 0.05317 0.05888 0.0649 0.0721 0.07647
1994.75 0.05116 0.05574 0.06066 0.06717 0.074 0.07811
1994.83333333333 0.05606 0.06058 0.06767 0.07278 0.07675 0.07836
1994.91666666667 0.05657 0.06432 0.07137 0.0757 0.07695 0.07738
1995 0.05804 0.06275 0.06731 0.07149 0.07437 0.07526
1995.08333333333 0.05703 0.06014 0.06342 0.06683 0.06993 0.07189
1995.16666666667 0.05898 0.06086 0.0639 0.06691 0.06997 0.07198
1995.25 0.05811 0.05982 0.06217 0.06496 0.06796 0.07059
1995.33333333333 0.05769 0.05784 0.05727 0.05791 0.06005 0.06343
1995.41666666667 0.05567 0.05591 0.05595 0.05777 0.05932 0.06262
1995.5 0.05574 0.05549 0.05593 0.0583 0.06138 0.065
1995.58333333333 0.05437 0.05497 0.05582 0.05767 0.06024 0.06334
1995.66666666667 0.05418 0.05491 0.05597 0.05802 0.05968 0.06211
1995.75 0.05432 0.05468 0.05461 0.05577 0.0577 0.06034
1995.83333333333 0.0541 0.05333 0.05311 0.05322 0.05495 0.05798
1995.91666666667 0.05019 0.05123 0.05124 0.05141 0.05347 0.05615
1996 0.04939 0.04914 0.04842 0.04928 0.0525 0.05666
1996.08333333333 0.04898 0.04971 0.05171 0.05351 0.05728 0.06215
1996.16666666667 0.05148 0.0519 0.05396 0.05735 0.06072 0.0643
1996.25 0.05072 0.0524 0.05538 0.05983 0.06359 0.06707
1996.33333333333 0.0518 0.05342 0.05678 0.06158 0.06576 0.06849
1996.41666666667 0.05172 0.05356 0.05621 0.06075 0.06403 0.06708
1996.5 0.0531 0.05467 0.05766 0.0613 0.06496 0.06759
1996.58333333333 0.05257 0.05439 0.05795 0.06256 0.06653 0.06925
1996.66666666667 0.05081 0.05276 0.05628 0.06032 0.06403 0.06701
1996.75 0.05115 0.05191 0.05358 0.05675 0.06023 0.06339
1996.83333333333 0.05054 0.05119 0.05292 0.05524 0.05773 0.06058
1996.91666666667 0.05066 0.05188 0.05495 0.05808 0.06151 0.06416
1997 0.04989 0.05206 0.05467 0.05859 0.06201 0.065
1997.08333333333 0.05037 0.05243 0.05584 0.06012 0.06332 0.06566
1997.16666666667 0.05339 0.05534 0.05942 0.06346 0.06696 0.06898
1997.25 0.05226 0.05528 0.05819 0.06188 0.06509 0.06716
1997.33333333333 0.05068 0.05412 0.05697 0.06124 0.06432 0.06642
1997.41666666667 0.05196 0.05311 0.05594 0.06022 0.06315 0.06515
1997.5 0.05238 0.05258 0.05377 0.05665 0.05847 0.06047
1997.58333333333 0.05184 0.05317 0.05543 0.0592 0.06172 0.0638
1997.66666666667 0.04988 0.05163 0.05421 0.05752 0.05947 0.06155
1997.75 0.05143 0.05222 0.05321 0.05613 0.05705 0.05912
1997.83333333333 0.05188 0.0529 0.05509 0.05761 0.05804 0.05887
1997.91666666667 0.05236 0.0532 0.05472 0.05593 0.05654 0.05759
1998 0.05045 0.05165 0.05193 0.05296 0.05351 0.05565
1998.08333333333 0.05117 0.05229 0.0535 0.05499 0.05552 0.05681
1998.16666666667 0.05147 0.05201 0.05389 0.05525 0.05595 0.05722
1998.25 0.05002 0.05202 0.05358 0.05541 0.05607 0.05738
1998.33333333333 0.0504 0.05293 0.05365 0.05505 0.05539 0.05619
1998.41666666667 0.05066 0.05194 0.05374 0.05451 0.0543 0.05472
1998.5 0.05089 0.05198 0.0535 0.0544 0.05477 0.05542
1998.58333333333 0.04881 0.04918 0.04904 0.04836 0.04904 0.05079
1998.66666666667 0.04263 0.04416 0.04449 0.04365 0.04352 0.04514
1998.75 0.04265 0.04315 0.0419 0.0431 0.04398 0.0478
1998.83333333333 0.04432 0.0448 0.04498 0.04548 0.04593 0.04849
1998.91666666667 0.0442 0.04443 0.04557 0.04593 0.04638 0.04832
1999 0.0445 0.0449 0.0451 0.0462 0.046 0.0472
1999.08333333333 0.0456 0.0461 0.047 0.0488 0.0491 0.05
1999.16666666667 0.0457 0.0465 0.0478 0.0505 0.0514 0.0523
1999.25 0.0441 0.0454 0.0469 0.0498 0.0508 0.0518
1999.33333333333 0.0463 0.0475 0.0485 0.0525 0.0544 0.0554
1999.41666666667 0.0472 0.0503 0.051 0.0562 0.0581 0.059
1999.5 0.0469 0.0475 0.0503 0.0555 0.0568 0.0579
1999.58333333333 0.0487 0.0509 0.052 0.0568 0.0584 0.0594
1999.66666666667 0.0482 0.0508 0.0525 0.0566 0.058 0.0592
1999.75 0.0502 0.052 0.0543 0.0586 0.0603 0.0611
1999.83333333333 0.0523 0.0543 0.0555 0.0586 0.0597 0.0603
1999.91666666667 0.0536 0.0568 0.0584 0.061 0.0619 0.0628
2000 0.055 0.0576 0.0612 0.0644 0.0658 0.0666
2000.08333333333 0.0573 0.06 0.0622 0.0661 0.0668 0.0652
2000.16666666667 0.0586 0.0611 0.0622 0.0653 0.065 0.0626
2000.25 0.0582 0.0607 0.0615 0.064 0.0626 0.0599
2000.33333333333 0.0599 0.0639 0.0633 0.0681 0.0669 0.0644
2000.41666666667 0.0586 0.0624 0.0617 0.0648 0.063 0.061
2000.5 0.0614 0.0627 0.0608 0.0634 0.0618 0.0605
2000.58333333333 0.0628 0.0635 0.0618 0.0623 0.0606 0.0583
2000.66666666667 0.0618 0.0625 0.0613 0.0608 0.0593 0.058
2000.75 0.0629 0.0632 0.0601 0.0591 0.0578 0.0574
2000.83333333333 0.0636 0.0634 0.0609 0.0588 0.057 0.0572
2000.91666666667 0.0594 0.0592 0.056 0.0535 0.0517 0.0524
2001 0.0529 0.0515 0.0481 0.0476 0.0486 0.0516
2001.08333333333 0.0501 0.0489 0.0468 0.0466 0.0489 0.051
2001.16666666667 0.0454 0.0444 0.043 0.0434 0.0464 0.0489
2001.25 0.0397 0.0399 0.0398 0.0423 0.0476 0.0514
2001.33333333333 0.037 0.0374 0.0378 0.0426 0.0493 0.0539
2001.41666666667 0.0357 0.0356 0.0358 0.0408 0.0481 0.0528
2001.5 0.0359 0.0356 0.0362 0.0404 0.0476 0.0524
2001.58333333333 0.0344 0.0339 0.0347 0.0376 0.0457 0.0497
2001.66666666667 0.0269 0.0271 0.0282 0.0312 0.0412 0.0473
2001.75 0.022 0.0217 0.0233 0.0273 0.0391 0.0457
2001.83333333333 0.0191 0.0192 0.0218 0.0278 0.0397 0.0465
2001.91666666667 0.0172 0.0182 0.0222 0.0311 0.0439 0.0509
2002 0.0168 0.0177 0.0216 0.0303 0.0434 0.0504
2002.08333333333 0.0176 0.0186 0.0223 0.0302 0.043 0.0491
2002.16666666667 0.0183 0.0206 0.0257 0.0356 0.0474 0.0528
2002.25 0.0175 0.0198 0.0248 0.0342 0.0465 0.0521
2002.33333333333 0.0176 0.0191 0.0235 0.0326 0.0449 0.0516
2002.41666666667 0.0173 0.0183 0.022 0.0299 0.0419 0.0493
2002.5 0.0171 0.0174 0.0196 0.0256 0.0381 0.0465
2002.58333333333 0.0165 0.0164 0.0176 0.0213 0.0329 0.0426
2002.66666666667 0.0166 0.0164 0.0172 0.02 0.0294 0.0387
2002.75 0.0161 0.0159 0.0165 0.0191 0.0295 0.0394
2002.83333333333 0.0125 0.013 0.0149 0.0192 0.0305 0.0405
2002.91666666667 0.0121 0.0127 0.0145 0.0184 0.0303 0.0403
2003 0.0119 0.0122 0.0136 0.0174 0.0305 0.0405
2003.08333333333 0.0119 0.012 0.013 0.0163 0.029 0.039
2003.16666666667 0.0115 0.0116 0.0124 0.0157 0.0278 0.0381
2003.25 0.0115 0.0117 0.0127 0.0162 0.0293 0.0396
2003.33333333333 0.0109 0.0111 0.0118 0.0142 0.0252 0.0357
2003.41666666667 0.0094 0.0094 0.0101 0.0123 0.0227 0.0333
2003.5 0.0092 0.0097 0.0112 0.0147 0.0287 0.0398
2003.58333333333 0.0097 0.0105 0.0131 0.0186 0.0337 0.0445
2003.66666666667 0.0096 0.0103 0.0124 0.0171 0.0318 0.0427
2003.75 0.0094 0.0102 0.0125 0.0175 0.0319 0.0429
2003.83333333333 0.0095 0.0104 0.0134 0.0193 0.0329 0.043
2003.91666666667 0.0091 0.0101 0.0131 0.0191 0.0327 0.0427
2004 0.009 0.0099 0.0124 0.0176 0.0312 0.0415
2004.08333333333 0.0094 0.0101 0.0124 0.0174 0.0307 0.0408
2004.16666666667 0.0095 0.0101 0.0119 0.0158 0.0279 0.0383
2004.25 0.0096 0.0111 0.0143 0.0207 0.0339 0.0435
2004.33333333333 0.0104 0.0133 0.0178 0.0253 0.0385 0.0472
2004.41666666667 0.0129 0.0164 0.0212 0.0276 0.0393 0.0473
2004.5 0.0136 0.017 0.021 0.0264 0.0369 0.045
2004.58333333333 0.015 0.0176 0.0202 0.0251 0.0347 0.0428
2004.66666666667 0.0168 0.0191 0.0212 0.0253 0.0336 0.0413
2004.75 0.0179 0.0205 0.0223 0.0258 0.0335 0.041